threads,ccstm-cont_low-d,ccstm-cont_low-rfw,ccstm-cont_low-t,deuce-cont_low-lsa,deuce-cont_low-tl2,multiverse-cont_low,
1,19211512,17316336,16236277,24371138,15925305,10672590,
2,19289349,18096174,20769950,22832432,17071837,8330266,
4,27716762,27935498,33718765,42279549,34454985,7859504,
8,49312974,48772807,54487313,67948019,58628238,7915090,
16,62291741,65576639,64068732,73784234,77297766,10016576,
32,62860716,64201398,69572608,630478,12484959,14317967,
64,73893852,76235087,74985226,335418,7484220,13695249,
128,77864466,79584881,77655642,155151,6879808,14063694,
256,80748436,89573562,84410909,107553,7272989,14095000,

threads,ccstm-cont_high-d,ccstm-cont_high-rfw,ccstm-cont_high-t,deuce-cont_high-lsa,deuce-cont_high-tl2,multiverse-cont_high,
1,18939435,17155662,15885794,24284451,15528083,10901137,
2,6523635,7837213,6773815,4799694,9053945,10600078,
4,5452349,6255215,5874598,2763316,11562683,9191215,
8,8165404,8423351,8557211,12501988,18042103,8300318,
16,12561955,12968521,11747122,16794649,25058338,7705311,
32,22329648,24301728,21888615,11557,8909634,7692327,
64,40283561,39683788,40430592,2769,4735096,7702914,
128,57281382,52420089,47086716,2046,2114378,8783899,
256,46613205,37491591,47063474,732,2428584,12917431,

